
Element["" "" "R?" "" 84016 27283 -6929 14527 0 100 ""]
(
	Pin[4960 9843 7874 2000 8474 3150 "" "1" ""]
	Pin[4960 -9842 7874 2000 8474 3150 "" "2" ""]
	Pin[-4882 0 7874 2000 8474 3150 "" "3" ""]
	ElementLine [7913 -5000 7913 5000 1000]
	ElementLine [-7835 -12598 590 -12598 1000]
	ElementLine [-7835 12599 708 12599 1000]
	ElementLine [-7835 -12598 -7835 -4409 1000]
	ElementLine [-6654 -16535 -6654 -12598 1000]
	ElementLine [-2717 -16535 -2717 -12598 1000]
	ElementLine [-6654 -16535 -2717 -16535 1000]
	ElementLine [-7835 4843 -7835 12599 1000]

	)
