
Element["" "" "L?" "" 255354 82362 -8701 -37047 0 100 ""]
(
	Pad[-31299 -8740 -31299 8740 7480 2000 8480 "" "1" "square"]
	Pad[31299 -8740 31299 8739 7481 2000 8481 "" "2" "square"]
	ElementLine [9961 -30000 26181 -13780 1000]
	ElementLine [9961 -30000 -9961 -30000 1000]
	ElementLine [-9961 -30000 -26181 -13780 1000]
	ElementLine [26181 13819 9961 30039 1000]
	ElementLine [9961 30039 -9960 30039 1000]
	ElementLine [-26181 13779 -9921 30039 1000]
	ElementLine [-19330 -24174 -19290 -24174 1000]

	)
